image: bookstore.pgm
resolution: 0.500000
origin: [-7.933190, -7.251390, 0.000000]
negate: 0
occupied_thresh: 0.65
free_thresh: 0.196

