image: house_map.pgm
resolution: 0.050000
origin: [-54.224998, -50.224998, 0.000000]
# origin: [0,0,0]
negate: 0
occupied_thresh: 0.65
free_thresh: 0.196

