image: map_karto.pgm
resolution: 0.250000
origin: [-7.450485, -5.248854, 0.000000]
negate: 0
occupied_thresh: 0.65
free_thresh: 0.196

